    0.00100  0.9399 4.268E+02
    0.00106  0.9399 4.268E+02
    0.00111  0.9400 4.268E+02
    0.00118  0.9400 4.268E+02
    0.00124  0.9400 4.267E+02
    0.00131  0.9400 4.267E+02
    0.00139  0.9401 4.267E+02
    0.00146  0.9401 4.267E+02
    0.00154  0.9402 4.267E+02
    0.00163  0.9402 4.267E+02
    0.00172  0.9403 4.266E+02
    0.00182  0.9403 4.266E+02
    0.00192  0.9404 4.266E+02
    0.00203  0.9405 4.265E+02
    0.00214  0.9406 4.265E+02
    0.00226  0.9407 4.265E+02
    0.00239  0.9408 4.264E+02
    0.00252  0.9409 4.264E+02
    0.00266  0.9411 4.263E+02
    0.00281  0.9413 4.262E+02
    0.00297  0.9414 4.262E+02
    0.00313  0.9416 4.261E+02
    0.00331  0.9419 4.260E+02
    0.00349  0.9421 4.259E+02
    0.00369  0.9424 4.258E+02
    0.00389  0.9427 4.257E+02
    0.00411  0.9431 4.255E+02
    0.00434  0.9435 4.254E+02
    0.00458  0.9440 4.252E+02
    0.00484  0.9445 4.250E+02
    0.00511  0.9451 4.248E+02
    0.00540  0.9457 4.245E+02
    0.00570  0.9465 4.243E+02
    0.00601  0.9473 4.240E+02
    0.00635  0.9483 4.237E+02
    0.00671  0.9493 4.233E+02
    0.00708  0.9505 4.229E+02
    0.00748  0.9519 4.224E+02
    0.00789  0.9534 4.219E+02
    0.00833  0.9552 4.214E+02
    0.00880  0.9571 4.207E+02
    0.00929  0.9593 4.201E+02
    0.00981  0.9619 4.193E+02
    0.01036  0.9647 4.184E+02
    0.01094  0.9680 4.175E+02
    0.01155  0.9716 4.165E+02
    0.01220  0.9758 4.153E+02
    0.01288  0.9806 4.140E+02
    0.01360  0.9860 4.126E+02
    0.01436  0.9921 4.110E+02
    0.01516  0.9992 4.093E+02
    0.01601  1.0072 4.073E+02
    0.01690  1.0163 4.052E+02
    0.01784  1.0267 4.029E+02
    0.01884  1.0386 4.003E+02
    0.01989  1.0522 3.975E+02
    0.02101  1.0677 3.944E+02
    0.02218  1.0855 3.910E+02
    0.02342  1.1058 3.873E+02
    0.02473  1.1290 3.833E+02
    0.02611  1.1554 3.789E+02
    0.02757  1.1856 3.741E+02
    0.02911  1.2199 3.690E+02
    0.03073  1.2588 3.634E+02
    0.03245  1.3030 3.575E+02
    0.03426  1.3528 3.511E+02
    0.03618  1.4087 3.443E+02
    0.03820  1.4713 3.372E+02
    0.04033  1.5410 3.296E+02
    0.04259  1.6179 3.217E+02
    0.04497  1.7022 3.135E+02
    0.04748  1.7938 3.049E+02
    0.05013  1.8927 2.961E+02
    0.05293  1.9984 2.871E+02
    0.05589  2.1102 2.779E+02
    0.05902  2.2270 2.689E+02
    0.06231  2.3473 2.600E+02
    0.06580  2.4693 2.517E+02
    0.06947  2.5905 2.440E+02
    0.07335  2.7086 2.368E+02
    0.07745  2.8217 2.303E+02
    0.08178  2.9284 2.241E+02
    0.08635  3.0278 2.184E+02
    0.09117  3.1184 2.132E+02
    0.09627  3.1977 2.087E+02
    0.10165  3.2628 2.052E+02
    0.10733  3.3111 2.027E+02
    0.11332  3.3418 2.012E+02
    0.11966  3.3561 2.003E+02
    0.12634  3.3554 1.999E+02
    0.13340  3.3404 1.999E+02
    0.14086  3.3108 2.005E+02
    0.14873  3.2664 2.019E+02
    0.15704  3.2083 2.041E+02
    0.16581  3.1385 2.069E+02
    0.17508  3.0589 2.102E+02
    0.18486  2.9702 2.142E+02
    0.19519  2.8734 2.189E+02
    0.20609  2.7699 2.244E+02
    0.21761  2.6612 2.308E+02
    0.22977  2.5489 2.380E+02
    0.24261  2.4340 2.460E+02
    0.25616  2.3177 2.551E+02
    0.27048  2.2009 2.651E+02
    0.28559  2.0850 2.761E+02
    0.30155  1.9707 2.883E+02
    0.31840  1.8588 3.017E+02
    0.33619  1.7501 3.164E+02
    0.35497  1.6449 3.324E+02
    0.37481  1.5438 3.499E+02
    0.39575  1.4471 3.688E+02
    0.41786  1.3549 3.895E+02
    0.44121  1.2674 4.119E+02
    0.46586  1.1846 4.361E+02
    0.49189  1.1065 4.623E+02
    0.51938  1.0330 4.906E+02
    0.54840  0.9640 5.210E+02
    0.57904  0.8994 5.539E+02
    0.61140  0.8390 5.892E+02
    0.64556  0.7826 6.272E+02
    0.68163  0.7299 6.680E+02
    0.71972  0.6809 7.118E+02
    0.75993  0.6352 7.587E+02
    0.80240  0.5927 8.090E+02
    0.84723  0.5532 8.628E+02
    0.89457  0.5165 9.204E+02
    0.94455  0.4823 9.818E+02
    0.99733  0.4506 1.047E+03
    1.05306  0.4211 1.117E+03
    1.11190  0.3936 1.192E+03
    1.17403  0.3681 1.272E+03
    1.23963  0.3443 1.357E+03
    1.30889  0.3222 1.447E+03
    1.38203  0.3016 1.543E+03
    1.45925  0.2824 1.645E+03
    1.54079  0.2646 1.754E+03
    1.62688  0.2479 1.869E+03
    1.71779  0.2324 1.992E+03
    1.81377  0.2179 2.123E+03
    1.91512  0.2044 2.261E+03
    2.02213  0.1918 2.408E+03
    2.13511  0.1800 2.565E+03
    2.25442  0.1690 2.730E+03
    2.38038  0.1587 2.906E+03
    2.51339  0.1491 3.092E+03
    2.65383  0.1401 3.290E+03
    2.80211  0.1317 3.500E+03
    2.95868  0.1238 3.722E+03
    3.12400  0.1165 3.957E+03
    3.29856  0.1096 4.206E+03
    3.48287  0.1031 4.470E+03
    3.67748  0.0970 4.750E+03
    3.88296  0.0913 5.046E+03
    4.09993  0.0860 5.360E+03
    4.32901  0.0810 5.692E+03
    4.57090  0.0763 6.043E+03
    4.82630  0.0719 6.415E+03
    5.09598  0.0677 6.808E+03
    5.38072  0.0638 7.224E+03
    5.68137  0.0602 7.665E+03
    5.99883  0.0567 8.130E+03
    6.33402  0.0535 8.623E+03
    6.68794  0.0505 9.144E+03
    7.06163  0.0476 9.695E+03
    7.45621  0.0449 1.028E+04
    7.87283  0.0424 1.089E+04
    8.31273  0.0400 1.155E+04
    8.77722  0.0378 1.223E+04
    9.26765  0.0356 1.296E+04
    9.78549  0.0337 1.373E+04
   10.33226  0.0318 1.455E+04
   10.90959  0.0300 1.540E+04
   11.51917  0.0283 1.631E+04
   12.16282  0.0268 1.727E+04
   12.84243  0.0253 1.829E+04
   13.56001  0.0239 1.936E+04
   14.31769  0.0226 2.049E+04
   15.11771  0.0213 2.169E+04
   15.96242  0.0202 2.296E+04
   16.85434  0.0191 2.429E+04
   17.79609  0.0180 2.570E+04
   18.79047  0.0170 2.720E+04
   19.84040  0.0161 2.877E+04
   20.94900  0.0152 3.044E+04
   22.11955  0.0144 3.220E+04
   23.35550  0.0136 3.405E+04
   24.66051  0.0129 3.602E+04
   26.03844  0.0122 3.809E+04
   27.49337  0.0115 4.028E+04
   29.02959  0.0109 4.259E+04
   30.65164  0.0103 4.503E+04
   32.36434  0.0097 4.761E+04
   34.17272  0.0092 5.034E+04
   36.08216  0.0087 5.322E+04
   38.09829  0.0082 5.626E+04
   40.22706  0.0078 5.947E+04
   42.47479  0.0074 6.286E+04
   44.84811  0.0070 6.644E+04
   47.35405  0.0066 7.023E+04
   50.00000  0.0063 7.423E+04
