    0.00100  0.0788 5.088E+03
    0.00106  0.0788 5.088E+03
    0.00111  0.0788 5.088E+03
    0.00118  0.0788 5.088E+03
    0.00124  0.0788 5.088E+03
    0.00131  0.0789 5.088E+03
    0.00139  0.0789 5.087E+03
    0.00146  0.0789 5.087E+03
    0.00154  0.0789 5.087E+03
    0.00163  0.0789 5.087E+03
    0.00172  0.0789 5.087E+03
    0.00182  0.0789 5.087E+03
    0.00192  0.0789 5.086E+03
    0.00203  0.0789 5.086E+03
    0.00214  0.0789 5.086E+03
    0.00226  0.0789 5.085E+03
    0.00239  0.0789 5.085E+03
    0.00252  0.0789 5.085E+03
    0.00266  0.0789 5.084E+03
    0.00281  0.0789 5.084E+03
    0.00297  0.0790 5.083E+03
    0.00313  0.0790 5.082E+03
    0.00331  0.0790 5.082E+03
    0.00349  0.0790 5.081E+03
    0.00369  0.0790 5.080E+03
    0.00389  0.0791 5.079E+03
    0.00411  0.0791 5.078E+03
    0.00434  0.0791 5.077E+03
    0.00458  0.0792 5.076E+03
    0.00484  0.0792 5.074E+03
    0.00511  0.0793 5.072E+03
    0.00540  0.0794 5.070E+03
    0.00570  0.0794 5.068E+03
    0.00601  0.0795 5.066E+03
    0.00635  0.0796 5.063E+03
    0.00671  0.0798 5.061E+03
    0.00708  0.0799 5.057E+03
    0.00748  0.0801 5.054E+03
    0.00789  0.0802 5.050E+03
    0.00833  0.0805 5.045E+03
    0.00880  0.0807 5.041E+03
    0.00929  0.0810 5.035E+03
    0.00981  0.0813 5.029E+03
    0.01036  0.0817 5.022E+03
    0.01094  0.0821 5.015E+03
    0.01155  0.0827 5.006E+03
    0.01220  0.0832 4.997E+03
    0.01288  0.0839 4.987E+03
    0.01360  0.0847 4.975E+03
    0.01436  0.0857 4.963E+03
    0.01516  0.0868 4.949E+03
    0.01601  0.0880 4.933E+03
    0.01690  0.0895 4.916E+03
    0.01784  0.0912 4.897E+03
    0.01884  0.0932 4.876E+03
    0.01989  0.0955 4.852E+03
    0.02101  0.0982 4.827E+03
    0.02218  0.1014 4.798E+03
    0.02342  0.1051 4.767E+03
    0.02473  0.1093 4.733E+03
    0.02611  0.1143 4.695E+03
    0.02757  0.1200 4.654E+03
    0.02911  0.1267 4.610E+03
    0.03073  0.1344 4.561E+03
    0.03245  0.1432 4.508E+03
    0.03426  0.1534 4.450E+03
    0.03618  0.1650 4.388E+03
    0.03820  0.1782 4.321E+03
    0.04033  0.1931 4.249E+03
    0.04259  0.2098 4.173E+03
    0.04497  0.2284 4.091E+03
    0.04748  0.2491 4.003E+03
    0.05013  0.2719 3.911E+03
    0.05293  0.2967 3.815E+03
    0.05589  0.3232 3.715E+03
    0.05902  0.3511 3.612E+03
    0.06231  0.3802 3.501E+03
    0.06580  0.4109 3.384E+03
    0.06947  0.4433 3.262E+03
    0.07335  0.4772 3.139E+03
    0.07745  0.5123 3.022E+03
    0.08178  0.5480 2.914E+03
    0.08635  0.5833 2.814E+03
    0.09117  0.6175 2.718E+03
    0.09627  0.6502 2.621E+03
    0.10165  0.6811 2.527E+03
    0.10733  0.7104 2.438E+03
    0.11332  0.7390 2.353E+03
    0.11966  0.7665 2.278E+03
    0.12634  0.7910 2.215E+03
    0.13340  0.8107 2.167E+03
    0.14086  0.8270 2.120E+03
    0.14873  0.8404 2.069E+03
    0.15704  0.8501 2.021E+03
    0.16581  0.8546 1.985E+03
    0.17508  0.8560 1.954E+03
    0.18486  0.8546 1.927E+03
    0.19519  0.8494 1.905E+03
    0.20609  0.8413 1.882E+03
    0.21761  0.8293 1.865E+03
    0.22977  0.8140 1.854E+03
    0.24261  0.7969 1.843E+03
    0.25616  0.7773 1.839E+03
    0.27048  0.7554 1.837E+03
    0.28559  0.7319 1.839E+03
    0.30155  0.7066 1.844E+03
    0.31840  0.6799 1.856E+03
    0.33619  0.6527 1.867E+03
    0.35497  0.6246 1.885E+03
    0.37481  0.5959 1.907E+03
    0.39575  0.5674 1.931E+03
    0.41786  0.5390 1.961E+03
    0.44121  0.5108 1.995E+03
    0.46586  0.4832 2.032E+03
    0.49189  0.4564 2.075E+03
    0.51938  0.4303 2.123E+03
    0.54840  0.4053 2.175E+03
    0.57904  0.3814 2.231E+03
    0.61140  0.3585 2.293E+03
    0.64556  0.3367 2.360E+03
    0.68163  0.3162 2.432E+03
    0.71972  0.2968 2.509E+03
    0.75993  0.2785 2.592E+03
    0.80240  0.2613 2.680E+03
    0.84723  0.2452 2.774E+03
    0.89457  0.2300 2.874E+03
    0.94455  0.2159 2.980E+03
    0.99733  0.2026 3.092E+03
    1.05306  0.1902 3.212E+03
    1.11190  0.1786 3.339E+03
    1.17403  0.1678 3.474E+03
    1.23963  0.1577 3.617E+03
    1.30889  0.1483 3.769E+03
    1.38203  0.1394 3.930E+03
    1.45925  0.1312 4.102E+03
    1.54079  0.1235 4.283E+03
    1.62688  0.1163 4.476E+03
    1.71779  0.1095 4.681E+03
    1.81377  0.1032 4.898E+03
    1.91512  0.0973 5.129E+03
    2.02213  0.0917 5.374E+03
    2.13511  0.0865 5.634E+03
    2.25442  0.0816 5.911E+03
    2.38038  0.0770 6.205E+03
    2.51339  0.0726 6.517E+03
    2.65383  0.0686 6.850E+03
    2.80211  0.0647 7.203E+03
    2.95868  0.0611 7.579E+03
    3.12400  0.0576 7.978E+03
    3.29856  0.0544 8.403E+03
    3.48287  0.0514 8.855E+03
    3.67748  0.0485 9.335E+03
    3.88296  0.0458 9.846E+03
    4.09993  0.0432 1.039E+04
    4.32901  0.0408 1.097E+04
    4.57090  0.0385 1.158E+04
    4.82630  0.0364 1.223E+04
    5.09598  0.0343 1.292E+04
    5.38072  0.0324 1.365E+04
    5.68137  0.0306 1.443E+04
    5.99883  0.0289 1.526E+04
    6.33402  0.0273 1.614E+04
    6.68794  0.0257 1.707E+04
    7.06163  0.0243 1.806E+04
    7.45621  0.0230 1.910E+04
    7.87283  0.0217 2.021E+04
    8.31273  0.0205 2.139E+04
    8.77722  0.0193 2.263E+04
    9.26765  0.0183 2.395E+04
    9.78549  0.0172 2.535E+04
   10.33226  0.0163 2.682E+04
   10.90959  0.0154 2.839E+04
   11.51917  0.0145 3.004E+04
   12.16282  0.0137 3.179E+04
   12.84243  0.0130 3.365E+04
   13.56001  0.0123 3.561E+04
   14.31769  0.0116 3.768E+04
   15.11771  0.0109 3.987E+04
   15.96242  0.0103 4.218E+04
   16.85434  0.0098 4.463E+04
   17.79609  0.0092 4.722E+04
   18.79047  0.0087 4.995E+04
   19.84040  0.0083 5.284E+04
   20.94900  0.0078 5.589E+04
   22.11955  0.0074 5.912E+04
   23.35550  0.0070 6.253E+04
   24.66051  0.0066 6.613E+04
   26.03844  0.0062 6.993E+04
   27.49337  0.0059 7.395E+04
   29.02959  0.0056 7.819E+04
   30.65164  0.0053 8.267E+04
   32.36434  0.0050 8.741E+04
   34.17272  0.0047 9.241E+04
   36.08216  0.0045 9.769E+04
   38.09829  0.0042 1.033E+05
   40.22706  0.0040 1.092E+05
   42.47479  0.0038 1.154E+05
   44.84811  0.0036 1.220E+05
   47.35405  0.0034 1.289E+05
   50.00000  0.0032 1.362E+05
